%YAML:1.0
image_width: 800
image_height: 600
camera_matrix: !!opencv-matrix
   rows: 3
   cols: 3
   dt: d
   data: [ 1.8617120618814683e+03, 0., 4.3580064479312034e+02, 0.,
       1.8729920351643846e+03, 3.3373990368139903e+02, 0., 0., 1. ]
distortion_coefficients: !!opencv-matrix
   rows: 1
   cols: 5
   dt: d
   data: [ 2.3897632777601032e+00, -5.7699035091817656e+01,
       -7.7486946469126280e-03, -5.8617151866356833e-02,
       4.7907097620928766e+02 ]
