%YAML:1.0
image_width: 1024
image_height: 768
camera_matrix: !!opencv-matrix
   rows: 3
   cols: 3
   dt: d
   data: [ 4.6361748768242205e+02, 0., 5.1930256722637364e+02, 0.,
       4.6502581586186074e+02, 3.8115582773519560e+02, 0., 0., 1. ]
distortion_coefficients: !!opencv-matrix
   rows: 1
   cols: 5
   dt: d
   data: [ 6.1816220256543153e-02, -4.8338589459716655e-02,
       -1.3015966792421915e-03, -4.7443943438350783e-03,
       9.3029712749024725e-03 ]
